1478627760000,793.96,794.25,793.9134,794,1764
1478627820000,794.39,794.5,794.11,794.16,912
1478627880000,794.89,794.95,794.42,794.42,3320
1478627940000,794.84,795.633,794.84,794.96,7036
1478628000000,795.0947,795.0947,795.0947,795.0947,100
1478628060000,795.25,795.34,794.74,795.34,4104
1478628120000,794.43,795.08,794.43,794.88,3000
1478628180000,794.36,794.469,793.76,794.17,2148
1478628240000,794.25,794.34,793.93,794.32,3601
1478628300000,794.255,794.53,794.04,794.31,1900
1478628360000,794.31,794.59,794.2076,794.427,3431
1478628420000,794.07,794.29,794.07,794.11,1520
1478628480000,794.34,794.34,794,794.23,2400
1478628540000,793.925,794.155,793.65,793.97,1700
1478628600000,792.3501,793.34,792.3501,793.34,3492
1478628660000,793.2995,793.2995,792.605,792.87,4000
1478628720000,793.2568,793.42,793.11,793.206,2500
1478628780000,792.51,792.895,792.33,792.7225,18675
1478628840000,792.5,792.66,792.5,792.5,400
1478628900000,792.345,792.68,792.32,792.68,1401
1478628960000,792.16,792.16,792,792.07,1276
1478629020000,791.81,792,791.56,792,3200
1478629080000,791.94,792.26,791.57,791.77,3277
1478629140000,791.57,791.59,791.55,791.59,800
1478629200000,791.88,792,791.51,791.51,800
1478629260000,791.98,791.98,791.52,791.87,1900
1478629320000,791.9945,792.12,791.785,791.99,2266
1478629380000,791.95,791.96,791.69,791.96,1349
1478629440000,791.58,791.65,791.42,791.56,1820
1478629500000,791.94,791.94,791.39,791.39,1540
1478629560000,792.45,792.45,791.96,791.96,1600
1478629620000,792.12,792.15,792.12,792.15,300
1478629680000,792.842,792.842,792.1038,792.39,1200
1478629740000,792.735,793,792.6924,792.7254,1000
1478629800000,793.48,793.48,792.8,792.859,4172
1478629860000,792.84,793.29,792.84,793.11,1635
1478629920000,792.84,792.84,792.83,792.83,400
1478629980000,793.64,793.64,792.76,792.76,1372
1478630040000,794.01,794.27,793.34,793.54,4944
1478630160000,793.92,794.23,793.75,793.75,6118
1478630220000,793.538,793.66,793.27,793.66,645
1478630280000,793.26,793.26,793.23,793.24,300
1478630340000,793.69,793.86,793.57,793.57,1806
1478630400000,793.12,793.469,792.92,793.469,3700
1478630460000,793.11,793.5999,793,793,8298
1478630520000,793.37,793.58,793.09,793.14,2933
1478630640000,793,793.63,793,793.27,1520
1478630700000,793.058,793.082,793.02,793.082,300
1478630760000,793.22,793.22,792.8565,793.06,407
1478630820000,792.908,793.16,792.7,792.7,300
1478630880000,792.54,793.15,792.54,792.74,1000
1478630940000,792.5476,792.93,792.36,792.58,800
1478631000000,792.615,792.82,792.36,792.82,925
1478631060000,792.345,792.61,792.09,792.36,4041
1478631120000,793,793,792.08,792.345,2207
1478631180000,792.79,793.13,792.79,793,913
1478631240000,793.21,793.35,793.21,793.35,200
1478631300000,792.29,792.79,792.27,792.79,400
1478631360000,792.38,792.4254,792.25,792.26,825
1478631480000,792.23,792.49,792.23,792.24,540
1478631540000,792.54,792.54,792.49,792.49,200
1478631600000,792.542,792.542,792.25,792.502,730
1478631660000,792.39,792.39,792.39,792.39,200
1478631720000,792.01,792.43,792.01,792.32,3098
1478631780000,791.7182,791.7182,791.7182,791.7182,100
1478631840000,791.81,791.81,791.0018,791.37,1600
1478631960000,791.98,792,791.72,791.93,1400
1478632020000,792.15,792.15,791.785,791.785,958
1478632080000,792.18,792.18,791.95,791.95,300
1478632140000,791.94,791.94,791.86,791.89,500
1478632200000,791.63,791.92,791.5301,791.815,5057
1478632260000,791.01,791.67,791.01,791.63,2662
1478632320000,790.85,791.04,790.52,791.02,6979
1478632380000,790.28,790.55,790.18,790.55,600
1478632440000,790.23,790.42,790.23,790.33,400
1478632500000,789.695,790.27,789.68,790.22,2475
1478632560000,789.6,789.965,789.44,789.965,900
1478632620000,789.84,790.04,789.2758,789.2758,1500
1478632680000,789.722,789.722,789.39,789.6532,1375
1478632740000,790.05,790.05,789.51,789.5383,2357
1478632800000,789.95,790.03,789.72,789.72,300
1478632860000,789.85,789.85,789.66,789.74,300
1478632920000,790.9962,791.08,789.98,789.99,3335
1478632980000,790.26,790.99,789.89,790.99,1200
1478633040000,790.33,790.4,790.33,790.4,400
1478633100000,790.27,790.56,790.17,790.17,400
1478633160000,790.26,790.47,790.18,790.18,1700
1478633220000,790.28,790.65,790.02,790.25,2388
1478633280000,790.58,790.71,790.168,790.27,1430
1478633340000,790.9,790.9,790.1911,790.1911,2496
1478633400000,791.02,791.02,790.65,790.8,700
1478633460000,791,791,790.802,790.802,200
1478633520000,791.28,791.28,791.05,791.05,800
1478633580000,791.09,791.23,790.875,791.1105,1900
1478633640000,791.1,791.13,790.89,791.0421,825
1478633700000,790.73,790.925,790.475,790.68,1555
1478633760000,790.82,790.83,790.64,790.64,600
1478633820000,791.25,791.25,790.705,790.74,3793
1478633880000,791.38,791.44,791.115,791.22,2200
1478633940000,791.15,791.35,790.92,791.19,1700
1478634000000,791.7,791.76,791.22,791.22,1424
1478634060000,791.5,791.94,791.5,791.8,2281
1478634120000,791.13,791.72,791.13,791.44,500
1478634180000,791.12,791.64,791,791.02,2550
1478634240000,791.3025,791.3025,791.0147,791.0147,1100
1478634300000,791.2775,791.2775,791.01,791.08,1119
1478634360000,790.87,791.23,790.73,791.22,1713
1478634420000,791.31,791.31,790.87,790.88,900
1478634480000,791.6424,791.84,791.14,791.14,2247
1478634540000,791.7133,791.82,791.655,791.75,1818
1478634600000,791.98,792.02,791.6902,791.785,3173
1478634660000,791.66,792.122,791.66,792.122,625
1478634720000,791.77,792.06,791.54,791.7,800
1478634780000,792.04,792.2,791.81,792.04,2288
1478634840000,792.07,792.12,791.67,791.8,2500
1478634900000,792.29,792.38,791.79,791.9,1500
1478634960000,792.11,792.26,792.11,792.26,500
1478635020000,792.03,792.35,791.94,792.22,1200
1478635080000,791.655,792,791.655,791.825,1400
1478635140000,791.54,792.05,791.54,791.62,4100
1478635200000,791.73,792.15,791.73,791.73,1100
1478635320000,791.76,791.945,791.69,791.945,700
1478635380000,792.1272,792.1272,791.92,792.02,476
1478635440000,791.87,792.07,791.87,792.07,900
1478635500000,791.68,792.05,791.51,791.98,2601
1478635560000,791.85,791.96,791.52,791.6,2900
1478635620000,792.24,792.27,791.9,791.9,3569
1478635680000,792.19,792.29,792,792.25,3810
1478635740000,792.37,792.37,791.97,792.0666,2100
1478635800000,792.46,792.46,792.44,792.44,600
1478635860000,792.04,792.3,792.04,792.3,700
1478635920000,792.01,792.41,791.96,792.41,500
1478635980000,792.08,792.08,791.8,791.8,300
1478636040000,792.08,792.09,791.74,792.09,1800
1478636100000,792.11,792.13,791.91,792.04,1300
1478636160000,791.97,792.35,791.97,792.13,2500
1478636220000,791.35,792.07,791.35,791.96,500
1478636280000,791.46,791.46,791.29,791.29,200
1478636340000,791.6,791.6,791.27,791.27,800
1478636400000,791.63,791.96,791.49,791.62,1200
1478636460000,791.92,792.18,791.8055,791.8055,1100
1478636520000,792.24,792.31,791.9104,791.9104,866
1478636580000,792.39,792.39,792.33,792.35,308
1478636640000,792.264,792.39,792.264,792.27,1300
1478636700000,792.48,792.48,792.185,792.19,1220
1478636760000,792.65,792.68,792.4,792.49,2755
1478636820000,792.43,792.74,792.43,792.656,900
1478636880000,792.47,792.63,792.46,792.475,820
1478636940000,792.26,792.48,792.26,792.43,800
1478637000000,792.44,792.44,792.18,792.18,1480
1478637060000,792.75,792.75,792.17,792.6443,3831
1478637120000,793,793.02,792.71,792.75,1556
1478637180000,793.71,793.74,793.02,793.02,3300
1478637240000,793.47,794,793.4406,793.54,9937
1478637300000,793.8015,793.87,793.612,793.612,900
1478637360000,793.88,793.97,793.55,793.58,3009
1478637420000,793.7,794.27,793.615,793.79,5187
1478637480000,793.59,793.9,793.41,793.9,2500
1478637540000,793.55,793.76,793.32,793.63,1806
1478637600000,793.59,793.7119,793.31,793.4218,2988
1478637660000,793.18,793.62,793,793.305,2817
1478637720000,792.6728,793.085,792.535,793,4071
1478637780000,792.35,792.91,792.35,792.794,2844
1478637840000,792.1704,792.75,791.905,792.23,4788
1478637900000,792.32,792.4,792.02,792.4,1180
1478637960000,792.58,792.97,792.101,792.36,3240
1478638020000,793.27,793.27,792.595,792.74,1957
1478638080000,793.59,793.59,793.05,793.15,1100
1478638140000,792.685,793.64,792.685,793.63,4940
1478638200000,792.1301,793.1,792.1301,792.79,4905
1478638260000,792.62,792.95,792.04,792.13,4603
1478638320000,791.9267,792.87,791.81,792.84,3075
1478638380000,791.87,791.87,791.55,791.75,2399
1478638440000,790.69,791.68,790.69,791.605,3400
1478638500000,790.42,790.81,790.11,790.74,5406
1478638560000,790.5,790.83,790.15,790.63,7750
1478638620000,791.24,791.24,790.465,790.53,3500
1478638680000,790.6,791.25,790.56,791.25,6816
1478638740000,790.09,790.57,790.06,790.57,6897
1478638800000,790.51,790.58,789.29,790.09,69949
1478701800000,779.24,779.99,779.2,779.94,72354
1478701860000,777.1,779.98,775.55,779.2,31921
1478701920000,781.6025,782,777.1,779.28,15804
1478701980000,780.69,781.8,779,781.328,30282
1478702040000,782.8822,783.25,780.19,780.28,18970
1478702100000,777.5058,782.6,776.9,781.94,37590
1478702160000,778.7413,779.9,777.4,777.42,18652
1478702220000,778.8,779.82,778,778.3,16456
1478702280000,777.35,778.97,776.35,778.4494,11691
1478702340000,777.615,778.53,776.72,777.53,15617
1478702400000,775,777.64,774.85,777.3,18879
1478702460000,774.07,775.95,774.07,775.505,10400
1478702520000,772.1,774.2271,771.67,774.2271,14059
1478702580000,772.41,772.985,771.81,772.9,16744
1478702640000,775.275,775.387,772.4,772.57,25713
1478702700000,777.22,777.699,774.36,774.59,20229
1478702760000,779.025,779.34,777.25,777.48,12000
1478702820000,781.21,781.36,778.344,779.15,8272
1478702880000,780.03,781.14,779.73,781.13,5109
1478702940000,783.68,783.72,780.3524,780.3524,8252
1478703000000,783.16,784.95,782.622,783.65,7688
1478703060000,784.915,785.62,782.68,782.88,14990
1478703120000,784.0905,785.16,783.53,784.73,10695
1478703180000,785.749,785.749,784,784.33,5356
1478703240000,784.72,785.66,783.96,785.425,8762
1478703300000,784.8697,785.57,783.66,784.98,6981
1478703360000,784,785.285,784,784.8624,9922
1478703420000,783,784.7749,782.9254,783.5,6147
1478703480000,782.1,782.98,781.989,782.8742,3529
1478703540000,783.16,783.31,781.6601,781.85,2445
1478703600000,783.865,784.5,782.9838,782.9838,8345
1478703660000,782.11,784.35,781.8501,784.35,2742
1478703720000,779.93,782.9699,779.33,781.86,5932
1478703780000,781.11,781.8,779.9011,779.9976,5921
1478703840000,779.68,781.447,779.68,780.65,2783
1478703900000,779.15,780.345,779.15,780.22,2100
1478703960000,779.62,780.01,779.03,779.05,3654
1478704020000,777.79,779.8,777.79,779.5,9464
1478704080000,777.19,779.28,777,778.38,6861
1478704140000,776.92,777.775,776.24,777.5,8555
1478704200000,776.7,777.08,775.7756,776.15,7220
1478704260000,776.845,777.54,776.38,776.63,4120
1478704320000,776.7466,777.3,776.24,777.29,2779
1478704380000,777.1999,777.99,776.07,776.22,4747
1478704440000,777.8167,778,777.06,777.25,10515
1478704500000,778.3,778.85,777.82,777.82,5661
1478704560000,777.11,778.85,777.11,778.3,7191
1478704620000,777.54,778.02,777.015,777.21,15217
1478704680000,777.95,777.96,776.715,777.558,9560
1478704740000,777.69,777.92,777.11,777.485,4776
1478704800000,776.75,777.69,776.75,777.69,2700
1478704860000,777.145,778.08,776.23,776.63,3846
1478704920000,776.77,777.875,776.43,777.875,3922
1478704980000,777.1105,777.1105,776.51,776.73,4300
1478705040000,778.01,778.2399,776.504,777.14,3628
1478705100000,777.8,778.1818,777.48,778,5795
1478705160000,778.53,778.88,777.91,777.91,2248
1478705220000,779.52,779.589,778.35,778.7772,3043
1478705280000,778.79,779.6,778.48,779.365,6838
1478705340000,778.91,779.54,778.775,779.0694,6080
1478705400000,779,779,778.415,778.811,4250
1478705460000,777.622,778.979,777.1557,778.45,7200
1478705520000,776.2,777.98,776.2,777.685,7521
1478705580000,775.655,776.24,775.61,776,3173
1478705640000,775.44,776.79,775.22,775.8,3170
1478705700000,775.15,775.85,775.06,775.4,9296
1478705760000,775.095,775.83,775.095,775.57,9815
1478705820000,774.8252,775.7784,774.8252,775.105,7580
1478705880000,776.26,776.5103,775.31,775.34,2290
1478705940000,777.4,777.4,776.367,776.367,900
1478706000000,778.195,778.2,777.295,777.295,3016
1478706060000,776.45,778.04,776.45,777.72,3156
1478706120000,777.12,777.12,776.5,777,1700
1478706180000,776.32,777.48,776.235,777.1279,5860
1478706240000,776.78,777.08,776.32,776.325,6100
1478706300000,775.6682,776.655,775.6682,776.34,1913
1478706360000,774.81,775.975,774.58,775.975,4626
1478706420000,775.25,775.25,774.47,774.83,4578
1478706480000,775.4658,775.5383,774.86,775.05,2100
1478706540000,775.1905,775.85,774.99,775.38,1692
1478706600000,775.09,775.09,774.792,774.92,1350
1478706660000,776.1966,776.1966,775,775,878
1478706720000,776.64,777.64,776.64,776.67,3308
1478706780000,777.62,778.49,777.055,777.62,28212
1478706840000,778.25,779.21,777.95,778.4615,1207
1478706900000,779.87,779.87,779.01,779.01,1301
1478706960000,779.715,779.86,778.9882,779.27,2109
1478707020000,780.0276,781.295,779.75,779.9,11602
1478707080000,779.97,780.405,779.14,780.405,10350
1478707140000,778.7366,780.6279,778.4901,780.37,4497
1478707200000,780.44,780.44,779.66,779.91,1700
1478707260000,780.63,780.63,779.79,779.79,600
1478707320000,781.34,781.34,780.11,780.12,2657
1478707380000,780.6174,781.5,780.32,781,4118
1478707440000,781.85,781.85,781.28,781.3,1069
1478707500000,781.62,781.909,781,781.68,3568
1478707560000,780.4,781.26,780.4,781.26,1300
1478707620000,780.69,780.81,779.6,780.61,10889
1478707680000,780.47,781.14,779.64,780.28,4636
1478707740000,780.07,780.77,779.82,780.5118,3966
1478707800000,779.01,780.02,779.01,779.83,2158
1478707860000,780.05,780.16,779.219,779.49,2691
1478707920000,780.4,780.4,780.2,780.2,1480
1478707980000,780.47,780.84,780.2185,780.33,3379
1478708040000,779.79,781,779.6962,780.84,6947
1478708100000,780.0977,780.89,779.9,779.9,2532
1478708160000,781.39,781.8465,780.02,780.11,2223
1478708220000,781.34,781.98,781.32,781.744,1500
1478708280000,781.72,782.43,781.575,781.79,3428
1478708340000,781.185,781.87,781.185,781.65,500
1478708400000,781.43,781.8232,781,781.3038,2171
1478708460000,781.31,781.6498,781.2405,781.6498,550
1478708520000,782,782.2637,781.81,781.82,4634
1478708580000,782,782.3634,781.86,782.21,3300
1478708640000,781.91,782.214,781.91,782,1039
1478708700000,781.02,782.2939,781.02,781.91,1227
1478708760000,780.3871,781.327,780.3871,781.327,400
1478708820000,779.9484,780.81,779.75,780.25,3155
1478708880000,781.0247,781.0247,779.71,779.865,3647
1478708940000,781.38,781.474,780.874,781.21,1300
1478709000000,782.13,782.4,781.24,781.54,3100
1478709060000,783.99,784,782.5,782.69,5991
1478709120000,785.43,785.5,783.81,784.25,4674
1478709180000,786.61,786.67,785.37,785.46,5857
1478709240000,787.69,787.73,786.68,786.68,3304
1478709300000,789.46,789.46,788,788,10862
1478709360000,790.7113,791,789.55,789.55,10832
1478709420000,790.916,791.2265,789.99,791.2265,2844
1478709480000,788.8215,790.92,788,790.8546,6825
1478709540000,788.25,789,788.18,788.65,2770
1478709600000,788.47,788.7,787.77,788,2850
1478709660000,788.58,789.39,788.37,788.65,2405
1478709720000,788.6778,788.92,788.13,788.92,1011
1478709780000,788.42,789.4195,788.24,788.44,4420
1478709840000,788.4535,788.86,788.08,788.54,2227
1478709900000,789.0384,789.07,788.75,788.75,2951
1478709960000,788.44,789.2019,788.44,789.2019,5599
1478710020000,788.5036,788.65,788.13,788.13,900
1478710080000,788.5,788.91,788.13,788.58,2500
1478710140000,789.359,789.359,788.88,788.96,2710
1478710200000,790,790,789.0498,789.0498,3122
1478710260000,790,790,789.0001,790,3811
1478710320000,790.43,790.44,790.13,790.38,2000
1478710380000,790.7388,791.12,790.16,790.78,6122
1478710440000,790.1,790.87,790,790.479,1950
1478710500000,789.44,790.098,789.031,790,3273
1478710560000,788.47,789.6407,788,789.54,7332
1478710620000,787.637,788.52,787.5,788.468,3861
1478710680000,787.63,788.36,787.5,788.19,2255
1478710740000,787,788.126,787,787.7347,3774
1478710800000,785.93,786.8042,785.9,786.8042,5316
1478710860000,786.09,786.58,785.6,785.9301,4601
1478710920000,786.9589,787.3,786.47,786.47,1700
1478710980000,786.6279,786.77,786.44,786.61,3200
1478711040000,787,787.4026,786.3877,786.3877,3618
1478711100000,785.5,786.748,785.5,786.402,5838
1478711160000,785.97,785.979,785.14,785.14,1726
1478711220000,785.28,785.5656,785.28,785.473,1202
1478711280000,784.3405,785.02,784,785.02,7117
1478711340000,783.86,784.66,783.33,783.99,2970
1478711400000,782.6,783.73,782.33,783.71,3525
1478711460000,784,784.29,782.96,782.96,7387
1478711520000,783.5354,783.775,783.39,783.775,2400
1478711580000,783.11,783.5864,783.11,783.5864,400
1478711640000,784.66,784.67,783.86,783.86,800
1478711700000,784.7202,785.61,784.7202,784.92,2180
1478711760000,786.25,786.25,784.82,784.83,1800
1478711820000,786.3,786.3,785.47,786.1292,1600
1478711880000,786.31,786.36,785.55,785.73,589
1478711940000,785.9,786.5,785.8,786.02,2801
1478712000000,786.32,786.8505,785.86,786.29,2995
1478712060000,786.5613,786.5613,785.95,786.19,952
1478712120000,786.3934,786.58,786.2601,786.27,1500
1478712180000,787.12,787.19,786.1,786.4607,3700
1478712240000,787.155,787.28,786.82,787.18,1100
1478712300000,787.02,787.17,786.6,787.16,3700
1478712360000,785.5,787.05,785.5,787.0386,3433
1478712420000,785.15,786.239,784.92,785.24,1900
1478712480000,784.755,785.78,784.74,784.84,2128
1478712540000,784.8,784.8,784.8,784.8,100
1478712600000,786.09,786.19,785.17,785.3,1100
1478712660000,785.245,785.73,785.18,785.5,1250
1478712720000,785.535,785.535,785.056,785.056,500
1478712780000,785.63,785.63,785.16,785.16,600
1478712840000,785.84,786.2,785.81,786.2,1703
1478712900000,786.91,787,786.56,786.56,1100
1478712960000,787.85,787.85,787,787,5990
1478713020000,787.59,787.91,786.99,787.5,2800
1478713080000,787.5,787.5752,787.18,787.5752,300
1478713140000,786.55,787.18,786.46,786.87,1500
1478713200000,785.84,786.5,785.84,786.465,1100
1478713260000,787.23,787.23,786.03,786.47,1201
1478713320000,787.015,787.34,786.91,787.23,750
1478713380000,786.775,786.96,786.59,786.72,400
1478713440000,787,787.5,787,787.11,2865
1478713500000,786.75,787.7,786.75,786.75,750
1478713620000,786.76,787.17,786.74,787.001,2625
1478713680000,787.1516,787.1516,786.28,786.98,1250
1478713740000,786.22,786.37,786.22,786.37,400
1478713800000,785.51,786.08,785.51,785.55,500
1478713860000,786.25,786.685,785.665,785.665,1230
1478713920000,787,787,786.49,786.49,300
1478713980000,785.94,786.36,785.44,786.29,1200
1478714040000,785.8843,786.619,785.8843,786.619,322
1478714100000,786.25,786.66,786.25,786.62,500
1478714160000,786.66,786.7687,786.3847,786.7687,1354
1478714220000,787.5,787.5599,786.23,786.24,3425
1478714340000,787.51,787.51,787.46,787.46,300
1478714400000,787.81,788.37,787.61,787.79,1261
1478714460000,787.76,788.279,787.76,788.279,250
1478714520000,787.7,787.75,787.4084,787.523,1120
1478714580000,787.777,787.777,787.777,787.777,100
1478714640000,787,787.33,787,787.32,1549
1478714700000,786.71,786.71,786.07,786.26,900
1478714760000,786.924,786.924,786.4917,786.4917,255
1478714820000,786.8072,787.96,786.8072,787.788,1410
1478714880000,786.66,786.86,786.66,786.66,500
1478714940000,786,786.51,786,786.51,894
1478715000000,786.11,786.11,786,786,866
1478715060000,786.2034,786.5,786.1,786.2525,1408
1478715120000,786.4454,786.4454,786.4454,786.4454,298
1478715180000,788,788,786.45,786.45,2218
1478715240000,788.18,788.18,787.61,788.1,1181
1478715300000,787.82,788.1399,787.62,787.851,1079
1478715360000,787.6222,787.8,787.53,787.6815,1549
1478715420000,786.98,787.98,786.85,787.86,2972
1478715480000,784.74,787.599,784.74,787.23,3158
1478715540000,784.41,784.82,784.41,784.58,1368
1478715600000,784.6049,784.871,784.21,784.871,2300
1478715660000,782.19,784.29,781.78,784.29,4316
1478715720000,783.184,783.184,782.12,782.23,2557
1478715780000,782.17,782.9999,782.17,782.8,2868
1478715840000,780.94,782.01,780.16,782,2770
1478715900000,780.08,781.62,780.08,781.62,1500
1478715960000,781.73,782.3853,780.97,780.97,2284
1478716020000,781.775,781.775,781.41,781.41,200
1478716080000,781.93,781.93,781.3,781.49,858
1478716140000,782.2148,782.2148,780.688,781.955,9521
1478716200000,781.6654,782.93,781.6654,782.01,2712
1478716260000,781.69,782.56,781.68,782.1464,2001
1478716320000,782.11,782.5,781.945,782,3000
1478716380000,782.456,782.5401,782.43,782.43,510
1478716440000,782.93,782.93,782.8,782.8,870
1478716500000,783.0948,783.0948,782.21,782.8,900
1478716560000,783.8314,783.8314,782.8537,783.16,1198
1478716620000,783.54,783.73,783.42,783.42,500
1478716680000,784.05,784.05,783.53,783.54,600
1478716740000,783.799,784.39,783.43,783.8674,1600
1478716800000,783.25,783.77,783.07,783.77,1055
1478716860000,783.23,783.52,783.23,783.52,435
1478716920000,783.51,783.54,783.05,783.05,500
1478716980000,783.7557,784,783.227,784,600
1478717040000,784.7166,784.76,783.99,783.99,625
1478717100000,784.68,784.72,784.26,784.555,1505
1478717160000,784.84,784.84,784.175,784.175,500
1478717220000,784.0396,784.93,784.03,784.5,1500
1478717280000,783.86,784,783.86,784,300
1478717340000,784.4398,784.92,783.94,784.14,1500
1478717400000,784.47,785,784.2,785,3105
1478717460000,784.82,785.23,784.2063,784.2063,1875
1478717520000,784.265,784.76,783.85,784.74,4195
1478717580000,784.4107,784.8,784.32,784.33,1000
1478717640000,783.6683,784.3138,783.17,784.3138,1542
1478717700000,783.3,783.8252,783.1,783.6498,928
1478717760000,783.88,783.88,783.88,783.88,100
1478717820000,783.95,783.95,783.95,783.95,100
1478717880000,782.3225,783.66,782.29,783.48,2044
1478717940000,781.64,782.16,781.64,782.16,1617
1478718000000,780.4,781.6816,780.4,781.6,5587
1478718060000,780.4,780.418,779.46,780.23,3624
1478718120000,781.35,781.9328,780.18,780.7,1030
1478718180000,782.22,782.23,781.8,781.985,1634
1478718240000,781.53,782.54,781.51,782.43,4544
1478718300000,781.05,781.893,780.88,781.52,2790
1478718360000,781.52,781.83,781.05,781.05,5300
1478718420000,782.02,782.02,781.45,781.7078,1700
1478718480000,781.2,781.95,781.2,781.95,1600
1478718540000,781.28,781.6,781.23,781.51,600
1478718600000,781.8388,781.8388,781.31,781.47,1525
1478718660000,783.33,783.34,781.69,781.69,4690
1478718720000,783.138,783.191,782.87,782.87,420
1478718780000,783.82,783.839,783.1345,783.4615,1744
1478718840000,783.09,783.5566,782.79,783.27,5721
1478718900000,783.385,783.385,782.77,782.83,1200
1478718960000,783.22,783.4499,783.17,783.4,500
1478719020000,782.637,783.17,782.429,782.98,2115
1478719080000,782.661,782.661,782.661,782.661,121
1478719140000,783.485,783.87,783.32,783.33,2730
1478719200000,782.76,783.155,782.63,783.155,1441
1478719260000,783.385,783.385,783.12,783.13,1001
1478719320000,782.94,783.33,782.71,783.25,1200
1478719380000,782.76,782.76,782.66,782.66,200
1478719440000,783.54,783.54,782.75,782.75,1200
1478719500000,782.9308,783.5367,782.9308,783.3,553
1478719560000,783.33,783.5967,782.501,783.09,2482
1478719620000,783.12,783.52,782.9702,782.9702,525
1478719680000,782.9,783.101,782.9,783.101,1128
1478719740000,782.5595,783.1991,782.5595,783.1991,450
1478719800000,781.9,782.5176,781.9,782.5176,2352
1478719860000,782.55,782.86,782.0604,782.0604,2180
1478719920000,783.31,783.66,783.17,783.3675,1530
1478719980000,783.679,783.6999,782.9,783.6999,540
1478720040000,783.18,783.62,782.88,783.37,1600
1478720100000,783.17,783.759,783.17,783.2,800
1478720160000,782.6644,783.08,782.23,783.08,1130
1478720220000,782.305,782.84,782.305,782.83,2700
1478720280000,782.38,783.14,782.38,782.81,1844
1478720340000,782,782.4144,782,782.4144,544
1478720400000,783.37,783.379,782.75,782.76,4400
1478720460000,783.12,783.31,782.778,783.2921,862
1478720520000,784.3766,784.57,783.68,783.68,1750
1478720580000,784.41,784.7,784.38,784.7,1400
1478720640000,784.0298,784.43,784.0298,784.23,1283
1478720700000,784.235,784.235,783.67,784.225,680
1478720760000,784.39,784.64,783.86,784.54,2500
1478720820000,783.77,784.299,783.271,783.805,1400
1478720880000,783.02,783.3,782.83,783.3,2299
1478720940000,783.5549,783.74,782.73,783.12,1240
1478721000000,783.42,783.62,783.3,783.3,400
1478721060000,783.01,783.37,783.01,783.36,2139
1478721120000,781.9701,783,781.9701,783,800
1478721180000,782.41,782.58,781.98,781.98,1200
1478721240000,782.16,782.28,782.16,782.28,400
1478721300000,781.56,782.5,781.55,782.5,4100
1478721360000,781.68,782.1212,781.22,782.1212,2351
1478721480000,782.29,782.42,781.76,781.85,1428
1478721540000,781.84,782.7,781.84,781.9811,1200
1478721600000,781.7405,782.35,781.62,781.91,11043
1478721660000,783.41,783.41,782.27,782.27,2100
1478721720000,782.51,783.36,782.51,783.18,8766
1478721780000,782.02,782.5,782.02,782.5,1995
1478721840000,783.3947,783.6549,782.071,782.49,8589
1478721900000,784.4042,784.5,783.642,783.8253,3321
1478721960000,783.7201,784.704,783.7201,784.704,1800
1478722020000,784.51,784.9344,784.28,784.49,1500
1478722080000,783.86,784.62,783.86,784.3953,2100
1478722140000,783.48,783.48,783.48,783.48,100
1478722200000,783.82,784.33,783.71,783.87,1000
1478722260000,784.745,784.91,784.19,784.19,2300
1478722320000,784.38,785,784.38,784.93,3298
1478722380000,784.59,785,784.59,784.95,702
1478722440000,784.45,785.154,784.45,785.154,1564
1478722500000,784.46,784.8022,784.46,784.46,550
1478722560000,784.5,784.963,784.28,784.4601,4265
1478722620000,784.55,784.7322,784.55,784.55,1700
1478722680000,784.68,785.095,784.57,784.8052,2145
1478722740000,785.4225,785.62,784.73,784.83,6238
1478722800000,785.25,785.67,785.19,785.41,4700
1478722860000,785.11,785.69,785.05,785.3381,4392
1478722920000,784.52,784.9,784.4803,784.9,800
1478722980000,784.45,784.5,783.97,784.39,1095
1478723040000,784.1,784.48,784.1,784.48,1892
1478723100000,783.55,784.76,783.55,784.76,500
1478723160000,784.51,784.51,783.56,783.56,1001
1478723220000,785.29,785.29,784.21,784.21,11579
1478723280000,785.03,785.32,785.03,785.32,800
1478723340000,785.04,785.4599,784.9,785.276,6702
1478723400000,785,785.275,784.22,785.275,3213
1478723460000,784.39,784.96,784.39,784.82,1600
1478723520000,784.17,785.06,784.17,784.49,1200
1478723580000,784.3906,784.62,784.05,784.34,3067
1478723640000,784.34,784.6,784,784.19,5424
1478723700000,784.86,784.86,784.46,784.5,1319
1478723760000,784.72,785.37,784.65,785,5814
1478723820000,784.76,785.07,784.76,785.04,1103
1478723880000,784.75,785.07,784.75,785.05,2624
1478723940000,784.55,784.86,784.55,784.75,5324
1478724000000,784.68,784.68,784.3157,784.51,1600
1478724060000,784.3,785,784.3,784.61,3037
1478724120000,784.5,784.5,784.38,784.38,200
1478724180000,784.1733,784.54,784.1,784.54,5522
1478724240000,784.27,784.37,784.05,784.348,5730
1478724300000,784.032,784.53,783.72,784.31,3939
1478724360000,784.36,784.56,783.72,784.13,2419
1478724420000,784.66,785.06,784.25,784.51,2082
1478724480000,784.0426,784.46,783.83,784.41,1500
1478724540000,783.38,783.96,783.09,783.951,1530
1478724600000,783.83,784.16,783,783.43,2120
1478724660000,785.42,785.42,783.95,783.95,4400
1478724720000,785.58,785.83,785.35,785.5,2800
1478724780000,785.61,785.92,785.54,785.54,4800
1478724840000,785.96,785.96,785.39,785.6,2920
1478724900000,785.88,785.88,785.52,785.7,3547
1478724960000,785.51,785.8286,785,785.71,6020
1478725020000,785.62,786.23,785.47,785.51,6844
1478725080000,785.01,785.78,785,785.515,5535
1478725140000,784.88,785.3062,784.84,785.17,11475
1478725200000,785.31,786,784.26,785,155282
1478788200000,789.89,791.17,789.89,791.17,32625
1478788260000,788.01,790.72,788.01,789.89,18625
1478788320000,786.65,788.04,786.65,788.01,18146
1478788380000,787.69,787.91,786.935,787.17,6402
1478788440000,787.252,788.19,786.8,787.67,11259
1478788500000,785.591,788.01,785.591,787.13,11773
1478788560000,786.035,786.37,785.76,785.98,3200
1478788620000,784,785.64,783.22,785.569,15562
1478788680000,784.41,784.92,784.065,784.145,7426
1478788740000,783.05,784.345,782.468,784.345,7153
1478788800000,783.79,784.72,782.96,783,5195
1478788860000,785.51,785.78,783.69,783.79,6215
1478788920000,787.26,787.26,785.21,785.21,3273
1478788980000,788.12,788.19,787.24,787.64,4200
1478789040000,788.33,788.35,787.82,788.0493,4873
1478789100000,787.67,788.41,787.65,788.114,16254
1478789160000,787.71,788.14,787.22,787.67,19389
1478789220000,787.013,787.71,787,787.67,17901
1478789280000,785.675,787.29,785.5971,787.19,8261
1478789340000,786.92,787,785.7701,785.87,6759
1478789400000,785.9,786.72,785.53,786.46,3794
1478789460000,783.21,785.88,783.21,785.475,9368
1478789520000,780.2,783.9,780,783.8,24079
1478789580000,780.77,781.09,780,780.19,28221
1478789640000,778.62,780.77,777.41,780.63,9203
1478789700000,779.13,779.13,777.7662,778.8464,8740
1478789760000,779.08,779.55,778.7983,778.9054,2602
1478789820000,774.24,779.0879,774.24,778.6101,16651
1478789880000,773.84,775.04,773.84,774.5805,12218
1478789940000,773.59,774.7,773.24,774.072,11990
1478790000000,773.25,774.05,773.07,773.63,9654
1478790060000,774.34,775.23,773.22,773.28,10957
1478790120000,775.67,775.67,773.56,774.18,11330
1478790180000,775.56,776.46,774.82,775.55,41713
1478790240000,775.45,776.58,775.22,775.37,10390
1478790300000,773.73,775.71,773.5,775.44,21157
1478790360000,773.45,774.26,773.02,774.07,17161
1478790420000,774.06,774.24,773.42,773.91,11664
1478790480000,771.9705,773.87,771.72,773.87,21817
1478790540000,771.23,772.11,771.01,771.85,18403
1478790600000,770.92,771.72,770.25,771.4,19923
1478790660000,770.4,771.89,770.0801,770.87,18088
1478790720000,771.82,772.36,770.02,770.12,16308
1478790780000,771.61,771.91,771.14,771.91,17100
1478790840000,770.31,771.32,770.31,771.305,14434
1478790900000,770.5,771.11,770.04,770.88,17404
1478790960000,770.41,770.81,770,770.48,30567
1478791020000,771.77,772.5,770.32,770.42,13403
1478791080000,770.74,771.9126,770.74,771.77,4696
1478791140000,771.6376,771.8,770.38,770.38,4518
1478791200000,767.47,771.626,767.47,771.626,11193
1478791260000,767.94,768.92,766.39,767.64,9880
1478791320000,768.3,769.26,767.79,769,31893
1478791380000,766.96,768.99,766.71,768.2998,20703
1478791440000,765.2,767.105,764.65,767.03,8683
1478791500000,764.84,765.31,763.88,764.8875,21667
1478791560000,764.86,764.86,763.262,764.55,17751
1478791620000,761.07,764.71,761.01,764.71,12595
1478791680000,761.12,761.86,760.0251,761.505,16302
1478791740000,760.475,761.3007,759.85,761.3007,62223
1478791800000,759.3,760.465,759,759.875,37597
1478791860000,761.01,762.74,759.23,759.3,21856
1478791920000,762.5,762.52,761.01,761.58,11303
1478791980000,762.91,763.43,762.24,762.5,14001
1478792040000,759.85,762.8,759.34,762.5,22438
1478792100000,762.43,762.47,759.4,759.74,21490
1478792160000,762.56,762.89,761.754,762.1347,16264
1478792220000,759.31,762.71,758.43,762.56,37066
1478792280000,759.775,759.95,757.55,758.8,16509
1478792340000,758.55,759.89,757,759.43,14525
1478792400000,755.65,758.56,754.33,758.56,17580
1478792460000,757.325,757.97,754.4839,755.6,19329
1478792520000,755.9838,757.236,755,756.65,13388
1478792580000,756.7,757.93,755.95,756.03,15650
1478792640000,758.47,759.24,756.35,756.48,12305
1478792700000,759.965,760,757.32,758.7137,19744
1478792760000,761.03,761.56,759.41,760.2,12096
1478792820000,761.796,762.54,760.5101,761.27,16265
1478792880000,762.905,762.905,760.7,761.55,8833
1478792940000,761.96,763.204,761.01,763.204,11829
1478793000000,759.4,761.945,759.1,761.48,11609
1478793060000,761.678,761.92,758.71,759.87,9391
1478793120000,760.5,762.14,760.5,761.5,8708
1478793180000,762.335,762.82,760.5,760.79,7975
1478793240000,762.02,763.29,761.73,762.31,17601
1478793300000,761.4796,762.6799,761.01,762.03,10459
1478793360000,763.21,763.69,760.17,761.24,17739
1478793420000,761,763.78,761,763.52,6847
1478793480000,760.54,761.23,760.02,761,10464
1478793540000,759.86,761.42,759.2,760.695,7285
1478793600000,759.02,760.59,759.02,759.26,6692
1478793660000,758.91,759.7289,758,759,4379
1478793720000,759.74,759.76,758.2,758.2,9277
1478793780000,760.05,760.62,759.4,759.81,10329
1478793840000,761.36,761.43,759.48,760.2,16199
1478793900000,761.27,762.4,760.44,761.285,8192
1478793960000,763.95,764.211,761.27,761.27,6413
1478794020000,763.84,764.37,763,764.29,13308
1478794080000,762.91,763.85,762.25,763.8499,10198
1478794140000,762.58,763.18,762.395,762.73,7331
1478794200000,762.09,762.892,761.76,762.892,5010
1478794260000,760,761.75,760,761.75,7767
1478794320000,759.442,760.38,758.25,760,7053
1478794380000,759.73,759.75,758.51,759.13,5350
1478794440000,758.29,759.63,758.04,759.17,7783
1478794500000,759.09,759.58,758.0001,758.0001,9137
1478794560000,758.995,759.23,758.61,758.825,4778
1478794620000,758.34,759.45,758,759.09,5510
1478794680000,754.87,758.56,754.38,758,26069
1478794740000,754.44,755.905,754.38,754.85,18379
1478794800000,757.12,757.12,754.39,754.76,6996
1478794860000,757.36,758,756.08,756.49,4790
1478794920000,758.04,758.21,757.01,758.06,10464
1478794980000,759.445,760.53,758.3,758.92,10133
1478795040000,761.345,761.61,759.4,759.5,22279
1478795100000,761.76,761.76,760.1,761.37,11188
1478795160000,761.75,762.09,760.9,761.58,4396
1478795220000,763.63,763.74,761.89,761.89,3908
1478795280000,762.16,763.947,762.14,763.73,9255
1478795340000,761.9,762.69,761.9,762.29,7661
1478795400000,762.0877,762.55,761.54,761.9178,4070
1478795460000,761.64,762.49,761.15,762.2825,5461
1478795520000,759.57,761.4779,759.57,761.4779,7996
1478795580000,759.52,760.51,759,759.5,12453
1478795640000,758.2,759.72,758.2,759.03,4500
1478795700000,758.3363,758.53,757.3,758.2,7325
1478795760000,757.33,758.09,757.31,758.03,7351
1478795820000,756.75,757.73,756.16,757.73,11638
1478795880000,755.253,756.93,755,756.672,9604
1478795940000,755,756.04,755,755.3645,5783
1478796000000,755.4,755.97,755.05,755.05,6130
1478796060000,755.3475,755.54,754.55,755.43,8582
1478796120000,755.3001,756.6,755.16,755.635,17071
1478796180000,757.15,757.31,755.26,755.44,7569
1478796240000,755.56,757.13,755.51,756.63,6200
1478796300000,756.98,757.25,755.54,755.76,6485
1478796360000,757.58,757.86,757.25,757.59,3610
1478796420000,757.77,758.68,757.1,757.2632,11102
1478796480000,758.085,758.39,757.7,757.75,12474
1478796540000,757.67,758.3,757.01,758.085,6108
1478796600000,756.31,757.4682,756.31,757.4682,4644
1478796660000,756.2238,756.87,755.3,755.74,14905
1478796720000,755.64,756.22,755.224,756.22,2759
1478796780000,754.46,755.55,754.42,755.24,6788
1478796840000,752.69,754.49,752.5,754.49,11861
1478796900000,752.81,753.19,752.18,752.65,7769
1478796960000,752.56,753.21,752.5,753.03,13930
1478797020000,753.05,753.05,752.3,752.5,18114
1478797080000,753.38,753.54,752.679,753.31,6762
1478797140000,752.755,754.14,752.59,753.73,10244
1478797200000,752.9779,753.44,752.704,752.704,6755
1478797260000,753.68,753.7,752.7673,753.06,7734
1478797320000,753.4,753.95,753.235,753.58,3250
1478797380000,754.55,754.55,753.57,753.95,2570
1478797440000,754.32,754.7356,753.07,754.7356,9312
1478797500000,753.9,754.5,753.9,754.43,4339
1478797560000,755.493,755.493,753.7486,753.7486,2464
1478797620000,754.51,755.54,754.39,755.53,3132
1478797680000,754.92,755.62,754.25,754.7913,4250
1478797740000,755.31,755.31,754,755.1786,3508
1478797800000,754.86,755.18,754.322,755,7526
1478797860000,754.77,755.74,754.25,754.9,12185
1478797920000,754.86,755.34,754.12,754.175,5463
1478797980000,754.5,754.8,754.06,754.8,2233
1478798040000,754.19,754.8775,754.125,754.275,4565
1478798100000,753.92,754.6145,753.89,754.16,2693
1478798160000,753.365,753.75,753.07,753.62,3521
1478798220000,753.7,753.9,753.06,753.55,5560
1478798280000,754.18,754.75,753.69,753.69,5237
1478798340000,754.7025,755.024,754.53,754.73,7754
1478798400000,754.06,754.88,754.06,754.88,2509
1478798460000,753.96,754.67,753.85,753.865,4466
1478798520000,753.62,754.46,753.61,754.31,2376
1478798580000,755.298,755.298,754.0449,754.07,6668
1478798640000,754.81,755.2048,754.81,755.0981,2537
1478798700000,755.1473,755.43,754.29,754.6,6790
1478798760000,754.75,755.62,754.71,754.71,2905
1478798820000,755.09,755.09,754.34,754.52,6855
1478798880000,755.54,755.54,754.81,755.27,1400
1478798940000,756.2,756.2,755.264,755.264,1900
1478799000000,757.18,757.18,756.48,756.4826,10631
1478799060000,757.95,757.95,756.55,757.47,8100
1478799120000,758.08,758.11,756.93,758,6418
1478799180000,758.6038,758.6038,757.314,757.6715,3500
1478799240000,759.88,760,758.632,758.632,7117
1478799300000,760.17,760.42,759.75,760.0117,2340
1478799360000,760.2402,761.52,760.06,760.205,5893
1478799420000,760.05,760.84,759.501,760.84,5864
1478799480000,760,760.85,760,760.7605,8845
1478799540000,760.2,760.29,759.67,760.268,4600
1478799600000,759.636,760.87,759.52,760.2,13973
1478799660000,757.57,759.72,757.5,759.4471,14061
1478799720000,756.74,757.745,756.31,757.73,3650
1478799780000,757.4856,757.77,756.77,756.86,5000
1478799840000,758.51,758.51,757.29,757.5,5100
1478799900000,758.92,758.92,758.32,758.32,2556
1478799960000,760,760.77,759.6,759.6,3866
1478800020000,759.2927,759.89,759.14,759.69,1550
1478800080000,759.85,759.99,758.95,759.485,7459
1478800140000,758.95,759.47,758.94,759.11,1770
1478800200000,759.6775,759.82,759.2117,759.46,4604
1478800260000,759.79,759.81,759.46,759.5,1800
1478800320000,760.19,760.595,759.73,759.7999,6052
1478800380000,761.375,761.44,760.23,760.42,3624
1478800440000,761.91,762.27,761.4064,761.4064,2600
1478800500000,762.7,762.73,762.01,762.33,7027
1478800560000,762.05,762.96,761.55,762.52,10513
1478800620000,763,763,762.24,762.24,6692
1478800680000,763.78,763.78,762.97,763.0144,3115
1478800740000,763.1,763.74,763.1,763.5358,4797
1478800800000,764.57,764.57,762.76,763.34,5451
1478800860000,764.627,765,764.09,764.69,7957
1478800920000,764.7195,765,764.26,764.62,10074
1478800980000,763.5019,764.4875,762.55,764.26,4924
1478801040000,762.72,762.9592,762.72,762.9592,600
1478801100000,763.3866,763.72,762.57,762.885,6070
1478801160000,763.02,763.8418,763.02,763.4,1329
1478801220000,763.9299,763.9299,763.02,763.02,3450
1478801280000,764.6858,764.6858,763.79,763.94,3535
1478801340000,764.6,764.6317,763.59,764.3253,3427
1478801400000,765.75,765.75,764.1748,764.285,5173
1478801460000,766.93,766.99,765.75,765.77,4961
1478801520000,767.32,767.35,766.5,766.99,9675
1478801580000,767.001,767.5945,766.686,767.25,4692
1478801640000,767.89,767.995,767.4891,767.54,3440
1478801700000,768.41,768.6,767.63,767.99,4909
1478801760000,767.7,768.55,767.45,768.33,4315
1478801820000,767.21,768.0435,767.1701,768.0435,9008
1478801880000,768.32,768.32,767.67,767.8794,1000
1478801940000,767.1,768.82,767.1,768.3,3592
1478802000000,768.74,768.74,767.54,767.66,5600
1478802060000,769.45,769.45,768.61,768.83,4707
1478802120000,769.4,769.63,768.51,769.4421,8910
1478802180000,769.1736,769.41,768.6713,769.41,5019
1478802240000,768.566,769,768.46,768.72,3504
1478802300000,766.97,768.53,766.62,768.53,7350
1478802360000,766.855,766.98,765.63,766.98,5200
1478802420000,766.57,767.3763,766.57,767.3763,5314
1478802480000,767,767.4,766.57,767.06,3350
1478802540000,767.3495,767.86,766.695,766.695,2900
1478802600000,766.86,767.26,766.383,767.25,3908
1478802660000,768.33,768.33,767.25,767.25,5805
1478802720000,768.52,768.87,768.2,768.36,4750
1478802780000,768.0925,768.4452,767.99,768.28,1500
1478802840000,768,768.27,767.63,768.08,2410
1478802900000,767.3806,767.913,767.3806,767.7002,2023
1478802960000,766.88,767.6,766.725,767.6,6882
1478803020000,767.7,767.7,766.72,766.88,7242
1478803080000,768.13,768.13,767.494,767.494,2415
1478803140000,769.21,769.845,768.0539,768.0539,3639
1478803200000,768.87,769.5,768.74,769.3,3091
1478803260000,769.2,769.85,768.82,769.09,20459
1478803320000,770.09,770.28,769.596,769.69,8295
1478803380000,770.48,770.98,770.0428,770.0428,7800
1478803440000,769.5375,770.32,769.361,770.14,4150
1478803500000,769.86,770.03,769.79,769.79,1800
1478803560000,768.88,770.01,768.88,770.01,1288
1478803620000,768.594,769.17,768.594,769.14,2420
1478803680000,769.35,769.35,768.3,768.3,750
1478803740000,771.05,771.05,769.3405,769.38,6100
1478803800000,771.85,772.33,770.64,770.9599,9214
1478803860000,771.67,771.77,771.01,771.77,700
1478803920000,771.96,771.97,771.4,771.78,2500
1478803980000,770.86,772.3,770.2274,771.97,17641
1478804040000,771.5549,771.5549,771.2,771.2,3897
1478804100000,773.0625,773.435,771.6977,771.6977,22147
1478804160000,772.44,773,772.16,772.77,2370
1478804220000,772.0299,772.4855,771.5,772.4855,8410
1478804280000,771.535,772,771.5,771.78,1825
1478804340000,771.5,771.5,770.83,771.41,7597
1478804400000,771.58,771.58,771.52,771.52,700
1478804460000,771.4,771.73,771.13,771.69,2332
1478804520000,770.98,770.98,770.4203,770.98,3673
1478804580000,770.539,771,770.5,771,2050
1478804640000,771.01,771.415,770.7,770.86,3048
1478804700000,771.4,771.59,771.14,771.34,2048
1478804760000,771.79,771.8513,771.49,771.6,4991
1478804820000,771.5,773,771.5,772,2210
1478804880000,771.0644,771.493,770.7,771.493,1183
1478804940000,770.46,771.1736,770.46,771.1736,1000
1478805000000,769.84,770.28,768.85,770.28,5685
1478805060000,770.47,770.47,769.64,770,2437
1478805120000,770.55,771.12,770.47,770.5284,2294
1478805180000,770.04,770.64,770.04,770.64,300
1478805240000,769.95,770.16,769.24,769.24,3228
1478805300000,768.53,769.5,768.46,769.112,4474
1478805360000,768.0744,768.968,767.58,768.968,7201
1478805420000,767.41,768.5,767.41,768.46,4200
1478805480000,767.69,768.125,767.69,767.7,1769
1478805540000,767.074,767.86,767,767.63,5566
1478805600000,767.78,767.78,767.0101,767.26,3000
1478805660000,767.65,768.1,767.2813,767.86,4064
1478805720000,767.74,767.74,767.74,767.74,100
1478805780000,767.09,767.7866,766.435,767.7866,3915
1478805840000,767.2355,767.65,767.2355,767.6,1320
1478805900000,766.89,766.96,766.42,766.96,550
1478805960000,767.28,767.28,766.54,766.54,1874
1478806020000,767.26,767.6,766.86,767.31,2300
1478806080000,767.88,767.88,767.1233,767.5,2648
1478806140000,767.78,768.1145,767.47,767.49,2970
1478806200000,767.27,767.77,767.27,767.51,1650
1478806260000,766.82,767.6,766.51,767.255,4500
1478806320000,766.485,766.8895,766.15,766.764,3600
1478806380000,766.15,766.67,766.15,766.53,2846
1478806440000,764.97,766.4425,764.45,766.15,15628
1478806500000,764.1387,765.0471,764.07,765,4699
1478806560000,763.51,764.4,763.51,764.101,6566
1478806620000,763.08,764.01,763,763.791,6752
1478806680000,763.88,764.16,763.36,763.375,6806
1478806740000,764,764.045,763.53,763.91,1300
1478806800000,763.9,764.13,763.68,764.045,2900
1478806860000,763.255,764.36,763.255,764.25,5697
1478806920000,763.2642,763.48,762.7974,763,9313
1478806980000,763.185,763.6381,762.9,763.455,4073
1478807040000,762.86,763.185,762.8,763.185,4179
1478807100000,763.65,763.65,762.81,763,8310
1478807160000,764.46,764.46,763.62,763.62,3957
1478807220000,765.64,765.88,764.875,764.875,4708
1478807280000,766.05,766.85,765.64,765.6696,4215
1478807340000,765.81,766.84,765.644,766.4948,3860
1478807400000,765.305,766.305,765.305,766.305,3500
1478807460000,765.275,765.3354,765.116,765.275,700
1478807520000,765.46,765.71,765.21,765.49,7741
1478807580000,765.225,765.54,765.01,765.3167,2406
1478807640000,765.585,766.25,765.225,765.225,3100
1478807700000,765.33,765.74,765.25,765.4,1700
1478807760000,764.61,765.73,764.24,765.355,11790
1478807820000,764.38,764.5062,763.687,764.35,3938
1478807880000,763.82,764.63,763.82,764.63,1700
1478807940000,764.12,764.12,763.625,763.625,11995
1478808000000,765.28,765.28,764.07,764.13,6834
1478808060000,764.095,765.425,764.03,765.425,4962
1478808120000,764.7,765.01,764.14,764.156,3325
1478808180000,765.0043,765.0043,764.63,764.63,450
1478808240000,765.69,765.69,765.2,765.2,1200
1478808300000,766.27,766.27,765.676,765.86,3448
1478808360000,765.76,766.155,765.43,766.06,3418
1478808420000,765.78,765.9,765.39,765.83,2438
1478808480000,764.8587,766.05,764.8587,765.76,716
1478808540000,764.59,765.42,764.59,765.29,2195
1478808600000,765.715,765.715,764.86,764.87,2260
1478808660000,765.12,765.59,765,765.22,1250
1478808720000,764.625,764.91,764.625,764.68,1000
1478808780000,764.03,764.77,763.94,764.77,7021
1478808840000,764.458,764.515,763.945,763.945,5934
1478808900000,764.68,764.68,763.781,764.14,1950
1478808960000,764.4,764.809,763.6,764.61,7031
1478809020000,763.95,764.44,763.95,764.21,1365
1478809080000,763.7128,764.15,763.35,764.15,2518
1478809140000,763.92,763.92,763.45,763.78,1975
1478809200000,764.22,764.22,763.9852,763.9852,600
1478809260000,764.44,764.47,763.7001,764.04,7110
1478809320000,765.0872,765.28,764.34,764.34,3480
1478809380000,764.7833,765.4907,764.63,765.12,4345
1478809440000,764.8412,765,764.71,764.8,1720
1478809500000,764.6,764.65,764.22,764.5,2000
1478809560000,763.89,765.499,763.89,764.6,16637
1478809620000,764.4099,764.4099,763.75,763.89,4586
1478809680000,764.475,764.79,764.41,764.41,5700
1478809740000,764.255,764.74,764.16,764.45,3100
1478809800000,764.43,764.568,764.01,764.345,9155
1478809860000,763.545,764.22,763.545,764.21,4400
1478809920000,763,763.53,762.53,763.44,9986
1478809980000,762.555,762.9,762.5,762.77,2760
1478810040000,761.81,762.6,761.75,762.5,7779
1478810100000,761.83,762.02,761.5,761.765,13283
1478810160000,762.105,762.33,761.52,761.5901,5781
1478810220000,762,762.36,761.8,762.29,11841
1478810280000,761.56,762.1,761.4,762,8644
1478810340000,760.81,761.59,760.81,761.54,6115
1478810400000,760.53,761.04,760.12,761.04,8188
1478810460000,760.385,760.6,760,760.54,9259
1478810520000,760.6,760.63,760.125,760.48,4878
1478810580000,760.43,760.63,760.04,760.54,7396
1478810640000,761.255,761.5,760.75,760.75,5645
1478810700000,762.13,762.13,761.03,761.068,6310
1478810760000,760.77,762.0423,760.75,762.0423,7401
1478810820000,760.27,760.8274,760.27,760.82,5150
1478810880000,760.73,760.92,760.25,760.525,6311
1478810940000,761.46,761.49,760.7915,760.94,6292
1478811000000,761.15,761.5299,760.93,761.47,9970
1478811060000,761.2978,761.39,760.92,761.04,7708
1478811120000,761.36,761.65,761.14,761.17,7101
1478811180000,761.36,761.82,761.2654,761.38,7712
1478811240000,761.68,761.77,761.376,761.376,9093
1478811300000,762.04,762.1,761.64,761.79,15833
1478811360000,762.3199,762.32,761.94,762,22153
1478811420000,763.14,763.1777,762.2,762.31,14650
1478811480000,763.65,763.86,763.01,763.075,18689
1478811540000,763.47,763.84,763.39,763.63,16521
1478811600000,762.56,763.63,762.56,763.47,134904
1478874600000,759.88,759.88,756.54,756.54,24878
1478874660000,756.7556,759.83,756.4,759.83,14061
1478874720000,756.75,757.73,755.15,756.8,7095
1478874780000,758.8199,758.82,756.69,756.69,15868
1478874840000,758.475,759.7,756.74,758.41,6532
1478874900000,755.935,758.68,755.44,758.38,7365
1478874960000,758.49,758.63,754.52,755.695,9407
1478875020000,757.68,759.5,756.585,758.15,7689
1478875080000,755.635,759.32,755.43,757.94,5761
1478875140000,754.45,756.09,754,756.09,12938
1478875200000,757.8501,758.22,754,754,21301
1478875260000,758.44,760.78,758.14,758.15,14776
1478875320000,757.56,758.38,757,757.9927,3112
1478875380000,756.56,758.9,756.56,758.2279,14970
1478875440000,757.43,757.64,756.42,756.42,6492
1478875500000,757.04,757.93,755.595,757.91,10178
1478875560000,757.77,757.98,756.76,757.14,13000
1478875620000,756.9,757.6395,756.5,757.19,17832
1478875680000,755.62,756.81,755.1,756.81,6649
1478875740000,754.8756,755.66,754.59,755.66,7212
1478875800000,754.43,754.67,754,754.36,3627
1478875860000,754.24,754.53,752.52,754.22,12769
1478875920000,753.49,756.023,753.49,754.89,4393
1478875980000,752.7,753.957,751.52,753.8968,6457
1478876040000,751.8686,753.0739,751.6,753.0739,10829
1478876100000,751.96,752.2,751.1,751.65,13383
1478876160000,752.23,752.615,751.8,751.92,25878
1478876220000,752.42,752.75,751.5797,751.87,7402
1478876280000,752.3,752.7902,752.1661,752.24,8943
1478876340000,751.82,753.1,751.56,752.68,6080
1478876400000,751.64,751.82,751.12,751.81,4832
1478876460000,751.47,752,751.06,751.69,4523
1478876520000,752.66,753.5699,751.26,751.62,15883
1478876580000,753.5,753.921,752.27,752.44,5301
1478876640000,754,754.18,752.77,753.195,7735
1478876700000,752.52,754.27,752.08,754.26,9036
1478876760000,753.09,754.41,752.62,752.84,7019
1478876820000,754.16,754.31,753.34,753.42,5496
1478876880000,754.55,754.94,753.62,754.2406,10993
1478876940000,755.69,755.8,754.7157,754.725,19711
1478877000000,756.451,756.5,755.4901,755.4901,6285
1478877060000,756.885,756.93,755.85,755.89,13807
1478877120000,758.67,758.67,756.955,757.058,11079
1478877180000,758.94,758.97,758.45,758.62,7545
1478877240000,758.4044,759.0699,758.26,759.0699,5115
1478877300000,758.65,758.94,758.12,758.12,2200
1478877360000,757.615,758.56,757.56,758.4,5457
1478877420000,757.7484,758,757.191,757.63,8916
1478877480000,757.39,758,757.23,757.79,6133
1478877540000,756.2,757.589,756.2,757.39,7431
1478877600000,755.905,756.43,755.6146,755.68,4216
1478877660000,756.09,756.52,755.7,755.87,4001
1478877720000,754.67,755.9546,754.56,755.78,3950
1478877780000,754.217,754.82,753.616,754.5,11589
1478877840000,754.17,754.55,753.98,754.27,9758
1478877900000,754.3313,754.39,753.84,753.9,1600
1478877960000,753.275,754.39,753,754.39,3900
1478878020000,752.2185,753.43,751.9,753.3259,6953
1478878080000,751.2501,752.26,751.2501,751.9501,4467
1478878140000,751.9964,752.61,751.23,751.55,4340
1478878200000,752.37,752.673,752,752,9788
1478878260000,752.56,752.87,752.03,752.26,2900
1478878320000,752.29,752.88,752.2,752.27,3688
1478878380000,752.709,752.709,751.8,752.01,5815
1478878440000,753.23,753.4839,752.49,752.49,1118
1478878500000,754.58,754.58,753.11,753.39,13855
1478878560000,755.5,755.69,755.1,755.31,2835
1478878620000,754.46,755.6,754.021,755.182,4605
1478878680000,754.82,754.82,754.11,754.4,3250
1478878740000,755.56,755.56,755.04,755.05,900
1478878800000,755.65,755.98,755.4,755.655,2500
1478878860000,755.55,755.78,755.3375,755.56,1200
1478878920000,755.02,755.08,754.18,755.08,3458
1478878980000,755.83,755.86,754.905,754.943,10400
1478879040000,755.43,755.99,755.412,755.62,4333
1478879100000,757.06,757.06,755.5,755.5,3264
1478879160000,756.015,757.19,755.98,757.19,2600
1478879220000,757.1611,757.1611,756.11,756.175,2809
1478879280000,756.87,756.99,756.46,756.61,4895
1478879340000,756.71,756.79,756.27,756.59,4376
1478879400000,755.51,756.34,755.26,756.34,5129
1478879460000,754.05,755.4,754.05,755.4,1700
1478879520000,754.44,754.96,754.07,754.26,8397
1478879580000,754.61,754.94,754.61,754.76,1600
1478879640000,755.25,755.25,754.66,754.738,2123
1478879700000,755.15,755.2436,755.04,755.11,600
1478879760000,754.6943,755.25,754.49,755.25,2736
1478879820000,754.29,754.89,754.29,754.84,300
1478879880000,753.955,754.345,753.76,754.13,3045
1478879940000,755.0244,755.0244,753.9,753.9,1755
1478880000000,754.61,755,754.4086,754.62,3654
1478880060000,753.99,754.33,753.99,754.29,900
1478880120000,754.13,754.17,753.62,753.62,1100
1478880180000,753.92,754.27,753.79,754.27,800
1478880240000,754.0744,754.21,753.96,753.96,600
1478880300000,754.59,754.67,754.0135,754.1,2221
1478880360000,754.68,754.85,754.36,754.36,750
1478880420000,755.885,755.885,754.46,754.46,4300
1478880480000,755.27,756.16,755.27,755.97,12589
1478880540000,754.71,755.325,754.71,755.14,2520
1478880600000,754.46,754.64,754.46,754.64,200
1478880660000,753.5,754.46,753,754.31,3394
1478880720000,752.97,753.58,752.65,753.58,1598
1478880780000,752.13,752.67,752.13,752.51,1650
1478880840000,752.99,752.99,752.42,752.42,4000
1478880900000,754.53,754.53,753.31,753.31,2821
1478880960000,753.71,754.19,753.26,754.06,3967
1478881020000,753.73,754.16,753.56,754.16,3000
1478881080000,754.235,754.3,753.111,753.48,2600
1478881140000,753.8336,754.47,753.76,754.17,3500
1478881200000,754,754.04,753.7489,753.7489,2555
1478881260000,753.88,753.98,753.12,753.98,1984
1478881320000,753.96,754.19,753.59,753.59,3600
1478881380000,754.1,754.652,753.88,754.652,1400
1478881440000,753.5,754.5399,753.48,754.5399,1300
1478881500000,753.24,753.61,753.24,753.61,500
1478881560000,752.8,753.4558,752.71,753.4558,720
1478881620000,752.78,752.78,752.305,752.6834,1584
1478881680000,752.8,753.23,752.69,753.1,2282
1478881740000,753.37,753.573,753.04,753.12,2500
1478881800000,753.5294,753.73,753.346,753.346,1818
1478881860000,754.24,754.39,753.73,753.73,2600
1478881920000,754.28,754.56,754.034,754.11,7202
1478881980000,754.3104,754.48,754.09,754.24,2300
1478882040000,754.5,754.5,754.43,754.43,1240
1478882100000,754.44,754.725,754.44,754.6862,732
1478882160000,754.8,755.49,754.73,754.73,3902
1478882220000,754.75,755.0668,754.75,755.0668,250
1478882280000,755.11,755.24,754.7719,754.7719,1380
1478882340000,755.65,755.65,755.121,755.43,1830
1478882400000,755.1,755.4933,754.7,755.4933,1600
1478882460000,755.28,755.41,754.94,755.05,1840
1478882520000,755.1,755.1,755.09,755.1,300
1478882580000,754.5,755.19,754.5,755,3738
1478882640000,754.386,754.61,754.15,754.39,900
1478882700000,754,754.5,754,754.41,1050
1478882760000,753.58,753.95,753.26,753.95,1600
1478882820000,752.685,753,752.5,753,800
1478882880000,752.555,752.8,752.16,752.55,2029
1478882940000,752.38,752.38,751.8,752.314,4447
1478883060000,752.98,752.98,752.2696,752.2696,2254
1478883120000,753.29,753.51,753,753,400
1478883180000,753.31,753.31,753.2,753.29,500
1478883240000,753.17,753.385,753.06,753.12,900
1478883360000,752.98,753.16,752.88,753,2900
1478883420000,752.98,753.17,752.98,753.1,2421
1478883480000,753.54,753.99,752.97,753.17,2200
1478883540000,754.5,754.5,753.82,753.82,1050
1478883600000,754.125,754.83,754.03,754.8,1300
1478883660000,755.54,755.54,753.79,753.79,2817
1478883720000,754.7529,755.43,754.62,755.43,2204
1478883780000,754.7,755.07,754.7,755.07,200
1478883840000,754.65,754.9423,754.61,754.9423,1540
1478883900000,754.76,754.76,754.44,754.44,400
1478883960000,754.77,755.11,754.77,754.8,700
1478884020000,754.33,754.8,754.12,754.8,3629
1478884080000,754.4135,754.9399,754.4135,754.53,600
1478884140000,754.9,754.9,754.48,754.48,600
1478884200000,755.19,755.26,754.4351,755.07,4394
1478884260000,755.14,755.14,754.51,755.01,1800
1478884320000,755.45,755.45,755.14,755.36,1400
1478884380000,755.37,755.82,755.2123,755.67,1086
1478884440000,754.96,755.57,754.96,755.1501,1231
1478884500000,755.79,755.79,755.1609,755.1609,2124
1478884560000,755.9674,756.26,755.9674,756,1202
1478884620000,756.08,756.3592,755.665,756.28,2372
1478884680000,756.29,756.45,756.16,756.45,400
1478884740000,757.16,757.39,756.58,756.58,2935
1478884800000,757,757.16,756.8,756.93,3800
1478884860000,756.984,756.984,756.63,756.63,205
1478884920000,756.28,756.96,756.28,756.883,4900
1478884980000,756.0992,756.51,756.0992,756.16,3200
1478885040000,755.95,756.4,755.83,756.4,3200
1478885100000,755.95,755.95,755.58,755.7183,2700
1478885160000,756.13,756.28,755.79,756.1016,3908
1478885220000,756.19,756.37,756.19,756.37,800
1478885280000,755.74,756.35,755.58,756.31,1326
1478885340000,756.2301,756.8373,755.57,755.57,3577
1478885400000,756.96,757.11,756.33,756.375,2205
1478885460000,757.12,758,756.94,757.18,7717
1478885520000,757.55,757.55,756.92,757.01,1600
1478885580000,757.85,757.8642,757.38,757.38,2100
1478885640000,756.71,757.305,756.68,757.305,2100
1478885700000,757.56,757.86,757.06,757.23,6818
1478885760000,758.05,758.05,757.53,757.53,1794
1478885820000,758.685,758.83,758.2,758.2,2121
1478885880000,759.47,759.47,758.82,758.83,3562
1478885940000,760,760,759.29,759.29,5086
1478886000000,759.71,760,759.1,759.7,4715
1478886060000,759.96,760,759.51,759.99,4615
1478886120000,759.2799,759.6,758.28,759.6,7856
1478886180000,758.33,758.75,757.795,758.75,1100
1478886240000,757.79,758.15,757.49,757.78,2385
1478886300000,757.1567,757.996,756.9,757.96,4619
1478886360000,756.4033,757.21,756.11,757.19,11262
1478886420000,756.065,756.195,755.905,756.195,700
1478886480000,756.85,756.85,756.05,756.05,2150
1478886540000,756.75,757.32,756.75,757.1,1673
1478886600000,755.9,756.508,755.9,756.508,500
1478886660000,756.18,756.2579,755.7507,755.98,1388
1478886720000,755.65,756.08,755.6,755.91,1314
1478886780000,755.845,756.06,755.5,755.72,3301
1478886840000,756.0407,756.0407,756.0407,756.0407,500
1478886900000,755.86,756.1502,755.76,756.0374,1625
1478886960000,755.52,756.07,755.52,756.019,912
1478887020000,754.4,755.28,754.11,755.28,4045
1478887080000,753.74,754.36,753.33,754.36,6195
1478887140000,754.63,754.63,753.74,753.74,1700
1478887200000,754.84,754.84,754.75,754.75,648
1478887260000,754.11,754.5,753.97,754.5,1500
1478887320000,754,754.387,753.86,754.11,775
1478887380000,754.3,754.3,754.22,754.22,200
1478887440000,754.47,754.579,754.12,754.57,2200
1478887500000,755,755,754.56,754.56,500
1478887560000,755.05,755.63,755.05,755.12,1600
1478887620000,754.88,755.0794,754.88,755.0794,405
1478887680000,754.84,755.075,754.84,754.95,800
1478887740000,754.73,754.8,754.55,754.55,1950
1478887800000,755.02,755.02,755.02,755.02,100
1478887860000,754.99,755.4447,754.99,755.4447,500
1478887920000,755.2,755.204,754.8301,755.204,300
1478887980000,755.3149,755.34,755.09,755.34,550
1478888040000,755.395,755.71,755.29,755.29,1200
1478888100000,755,755.385,754.92,755.385,1400
1478888160000,755.48,755.48,754.587,754.7483,1400
1478888220000,755.11,755.8,755.11,755.47,2200
1478888280000,755.44,756.45,755.44,755.67,2005
1478888340000,754.74,755.6986,754.74,755.32,2600
1478888400000,754.99,755.37,754.83,755.225,1075
1478888460000,755.055,755.055,755.055,755.055,100
1478888520000,755.325,755.41,754.81,755.055,4135
1478888580000,755.125,755.3,755.025,755.3,4802
1478888640000,754.648,755.0676,754.648,755.02,2250
1478888700000,754.62,754.62,754.62,754.62,100
1478888760000,754.82,754.82,754.39,754.4,1700
1478888820000,754.6,754.61,754.5,754.61,800
1478888880000,754.8365,754.8365,754.7,754.82,600
1478888940000,754.93,754.93,754.88,754.88,200
1478889000000,755.09,755.09,754.845,754.845,900
1478889060000,755,755.6,754.87,754.91,3944
1478889120000,755.035,755.245,755,755,500
1478889180000,754.91,755.2847,754.86,755.235,2400
1478889240000,755.005,755.33,754.76,754.91,2200
1478889300000,755.17,755.17,755.17,755.17,100
1478889360000,754.01,755.22,754.01,755.22,3632
1478889420000,754.48,754.48,754.11,754.11,1500
1478889480000,754.27,754.64,754.25,754.48,1100
1478889540000,754.48,754.48,754.23,754.45,900
1478889600000,753.91,754.53,753.91,754.48,2103
1478889660000,753.84,754,753.6,753.92,2000
1478889720000,753.85,754.03,753.5,753.89,1800
1478889780000,753.63,754.09,753.63,753.77,2800
1478889840000,754.16,754.16,753.67,753.67,1100
1478889900000,754.13,754.13,753.95,754.1,400
1478889960000,753.9,754.13,753.8,754.13,800
1478890020000,754.1,754.1,754.05,754.05,300
1478890080000,754.34,754.5,754.14,754.4,700
1478890140000,754.18,754.26,754,754.26,1653
1478890200000,754.15,754.3,754.15,754.3,567
1478890260000,753.5544,754.15,753.53,754.15,2136
1478890320000,753.965,753.97,753.51,753.6597,1005
1478890380000,753.7768,753.9552,753.29,753.82,3125
1478890440000,753.55,753.7,753.55,753.665,1250
1478890500000,753.455,753.82,753.455,753.82,1118
1478890560000,753.51,753.67,753.27,753.615,3060
1478890620000,753.14,753.8087,753.14,753.62,2101
1478890680000,753.54,753.6,753.4125,753.4125,1000
1478890800000,753.16,753.54,752.61,753.44,4503
1478890860000,752.73,752.73,752.24,752.6108,1542
1478890920000,752.07,752.45,752.07,752.27,5801
1478890980000,751.95,752.157,751.94,752.03,3923
1478891040000,752.09,752.27,752.06,752.11,7971
1478891100000,751.91,752.4519,751.91,752.4519,1120
1478891160000,752.095,752.27,752.09,752.09,3016
1478891220000,752.135,752.135,751.94,751.94,2558
1478891280000,752.14,752.27,752.03,752.135,2104
1478891340000,752.41,752.41,752.02,752.14,3527
1478891400000,752.16,752.5999,752.16,752.4185,1423
1478891460000,752.19,752.46,752.02,752.16,3672
1478891520000,752.32,752.46,752.03,752.245,2900
1478891580000,752.17,752.46,752.145,752.305,4679
1478891640000,752.475,752.67,752.2,752.42,3843
1478891700000,752.79,753.01,752.49,752.69,1688
1478891760000,753.36,753.5,752.89,753.01,3646
1478891820000,753.1928,753.1928,752.68,753.17,2052
1478891880000,752.99,753.39,752.75,752.97,3250
1478891940000,753.245,753.245,753,753.1818,1800
1478892000000,753.15,753.46,753.07,753.245,3900
1478892060000,753.2699,753.2699,752.9875,753.14,866
1478892120000,753.21,753.6,752.75,752.87,5295
1478892180000,753.5,753.62,752.96,753.3405,2678
1478892240000,753.18,753.6889,753.18,753.6889,400
1478892300000,752.8,753.13,752.6805,752.84,1700
1478892360000,752.9,752.935,752.85,752.86,700
1478892420000,752.825,753.01,752.66,752.915,1960
1478892480000,752.6,752.66,752.25,752.66,1766
1478892540000,752.235,752.425,752.06,752.425,900
1478892600000,752.41,752.41,752.02,752.2297,2150
1478892660000,752.13,752.3,752.01,752.05,2100
1478892720000,752.31,752.46,752.13,752.46,4360
1478892780000,752.01,752.1809,752.01,752.1809,406
1478892840000,752.34,752.34,752.01,752.16,2105
1478892900000,752.25,752.36,752.09,752.34,1257
1478892960000,751.905,752.09,751.77,752.09,2496
1478893020000,751.7,751.98,751.68,751.83,3788
1478893080000,751,751.73,751,751.625,8317
1478893140000,751.05,751.401,751,751.03,7086
1478893200000,751.1747,751.29,750.96,751.0578,2950
1478893260000,750.9,751.01,750.58,750.94,4501
1478893320000,750.757,751.04,750.71,750.95,3200
1478893380000,751.03,751.18,750.73,750.8611,5111
1478893440000,751.34,751.45,750.91,750.91,4700
1478893500000,751.63,751.63,751.26,751.305,2406
1478893560000,751.71,752.14,751.71,751.948,1404
1478893620000,751.98,752.12,751.8397,751.8574,1600
1478893680000,751.8303,751.88,751.45,751.75,1399
1478893740000,751.5,751.65,751.2,751.56,1268
1478893800000,751.42,751.7,751.34,751.34,1180
1478893860000,751.89,751.89,751.51,751.6166,1425
1478893920000,751.78,751.89,751.59,751.63,700
1478893980000,751.6658,751.89,751.64,751.86,869
1478894040000,750.88,751.635,750.87,751.46,1831
1478894100000,751.1601,751.4534,750.915,750.915,1800
1478894160000,751.45,751.75,751.22,751.22,2402
1478894220000,751.65,751.65,751.4,751.5,1200
1478894280000,751.6851,751.89,751.44,751.545,2900
1478894340000,751.15,751.42,750.72,751.39,2060
1478894400000,750.47,750.93,750.47,750.93,9289
1478894460000,750.52,750.6,750.38,750.5999,3330
1478894520000,750.67,750.84,750.38,750.38,3046
1478894580000,750.67,750.68,750.4,750.68,2770
1478894640000,750.83,750.83,750.675,750.71,400
1478894700000,750.77,750.85,750.6,750.64,2000
1478894760000,750.775,750.91,750.64,750.765,2200
1478894820000,750.75,750.87,750.63,750.8165,9850
1478894880000,750.68,750.908,750.6,750.76,2000
1478894940000,750.45,750.73,750.45,750.675,4799
1478895000000,750.4975,750.59,750.42,750.55,7829
1478895060000,750.72,750.73,750.4,750.45,4100
1478895120000,750.95,750.995,750.71,750.85,3977
1478895180000,751.4085,751.4085,751.02,751.02,3106
1478895240000,752.24,752.24,751.335,751.335,4729
1478895300000,751.77,751.95,751.45,751.94,2521
1478895360000,751.68,751.9543,751.68,751.9218,2830
1478895420000,751.545,751.58,751.36,751.58,800
1478895480000,751.01,751.24,751.01,751.2,1811
1478895540000,751.2,751.415,751,751.01,4227
1478895600000,751.2128,751.36,751.125,751.125,1000
1478895660000,751.49,751.88,751.48,751.5,1500
1478895720000,751.965,752.1,751.47,751.47,2400
1478895780000,751.82,751.965,751.59,751.965,2000
1478895840000,751.57,751.97,751.5601,751.97,1600
1478895900000,751.91,752.14,751.55,751.68,2858
1478895960000,751.9698,752.1086,751.81,751.885,2308
1478896020000,752.18,752.18,751.86,751.9,900
1478896080000,752.12,752.12,751.79,752.025,1200
1478896140000,751.8,752.12,751.63,752.12,1850
1478896200000,751.68,751.8,751.67,751.74,1000
1478896260000,752.17,752.17,751.71,751.725,2077
1478896320000,752.33,752.37,752.05,752.2,3350
1478896380000,752.69,752.78,752.25,752.29,2000
1478896440000,752.71,752.85,752.47,752.6,1440
1478896500000,752.72,752.95,752.54,752.95,1500
1478896560000,752.92,752.96,752.7,752.75,2050
1478896620000,752.63,753.24,752.61,753,3700
1478896680000,751.82,752.6001,751.6,752.6001,3568
1478896740000,751.9,751.98,751.695,751.83,2100
1478896800000,751.87,752.09,751.7,751.84,3275
1478896860000,752.2,752.37,751.875,752.02,2700
1478896920000,752.95,752.95,752.215,752.215,1400
1478896980000,752.82,752.87,752.52,752.8292,1700
1478897040000,752.76,753.07,752.58,752.76,5730
1478897100000,752.53,752.96,752.5,752.88,1600
1478897160000,752.825,752.91,752.34,752.48,4996
1478897220000,752.81,752.96,752.61,752.78,5215
1478897280000,752.73,753,752.62,752.795,5420
1478897340000,752.68,752.89,752.48,752.82,4610
1478897400000,752.8,752.84,752.22,752.53,4745
1478897460000,753.5,753.5,752.6,752.79,10002
1478897520000,753.615,753.652,753.16,753.37,9875
1478897580000,754.05,754.11,753.59,753.71,4827
1478897640000,754.32,754.37,754,754,7200
1478897700000,754.36,754.6679,754.24,754.37,12006
1478897760000,754.63,754.68,753.99,754.21,5453
1478897820000,755,755,754.39,754.55,9025
1478897880000,755.03,755.3,754.98,755.1499,10391
1478897940000,754.2,755.1499,754.16,754.95,10707
1478898000000,753.61,754.53,753.41,754.17,209475
